000000000001001111001101000010000010000001001000
011011001111000010000100001001001110001010000000
000000000001001111001101000010000010000001001100
011011001110000010000101001001001010001010000000
000000000001001111001101000010000110000001001000
011011001110000010000100001001001010001010000100
000000000000001111001101000010000110000001001000
011011001110000010000101001001001010001010000100
000000000001001111001100000010000110000001001100
011011001111000010000101001001001010001010000000
000000000001001111001100000010000110000001001100
011011001111000010000101001001001110001010000000
000000000001001111001100000010000110000001001000
011011001110000010000101001001001110001010000000
000000000001001111001100000010000110000001001000
011011001111000010000100001001001110001010000000


000000000001011111111101010010100010100001011000
011011111111110010100101011001011010101010100001
000000000001011111111101010010100110100001011000
011011111110100010100100001001011110101010100101
000000000000001111111100000010100010100001011100
011011111111110010100100001001011010101010100001
000000000001011111111100000010100110100001011000
011011111110100010100101011001011110101010100001
000000000000001111111101010010100010100001011000
011011111111110010100101011001011010101010100001
000000000001011111111100000010100110100001011100
011011111110100010100101011001011010101010100101
000000000000001111111101010010100010100001011000
011011111110100010100100001001011110101010100101
000000000000001111111100000010100010100001011100
011011111111110010100101011001011110101010100001

=====================

011011001111000010000100001001001110001010000000
000000000001001111001100000010000110000001001000
011011001110000010000101001001001110001010000000
000000000001001111001100000010000110000001001000
011011001111000010000101001001001110001010000000
000000000001001111001100000010000110000001001100
011011001111000010000101001001001010001010000000
000000000001001111001100000010000110000001001100
011011001110000010000101001001001010001010000100
000000000000001111001101000010000110000001001000
011011001110000010000100001001001010001010000100
000000000001001111001101000010000110000001001000
011011001110000010000101001001001010001010000000
000000000001001111001101000010000010000001001100
011011001111000010000100001001001110001010000000
000000000001001111001101000010000010000001001000


011011111111110010100101011001011110101010100001
000000000000001111111100000010100010100001011100
011011111110100010100100001001011110101010100101
000000000000001111111101010010100010100001011000
011011111110100010100101011001011010101010100101
000000000001011111111100000010100110100001011100
011011111111110010100101011001011010101010100001
000000000000001111111101010010100010100001011000
011011111110100010100101011001011110101010100001
000000000001011111111100000010100110100001011000
011011111111110010100100001001011010101010100001
000000000000001111111100000010100010100001011100
011011111110100010100100001001011110101010100101
000000000001011111111101010010100110100001011000
011011111111110010100101011001011010101010100001
000000000001011111111101010010100010100001011000