000000000001011111111101010010100010100001011000
011011111111110010100101011001011010101010100001
000000000001011111111101010010100110100001011000
011011111110100010100100001001011110101010100101
000000000000001111111100000010100010100001011100
011011111111110010100100001001011010101010100001
000000000001011111111100000010100110100001011000
011011111110100010100101011001011110101010100001
000000000000001111111101010010100010100001011000
011011111111110010100101011001011010101010100001
000000000001011111111100000010100110100001011100
011011111110100010100101011001011010101010100101
000000000000001111111101010010100010100001011000
011011111110100010100100001001011110101010100101
000000000000001111111100000010100010100001011100
011011111111110010100101011001011110101010100001

000000000001011111111101010010100010100001011000
011011111111110010100101011001011010101010100001
000000000001011111111101010010100110100001011000
011011111110100010100100001001011110101010100101
000000000000001111111100000010100010100001011100
011011111111110010100100001001011010101010100001
000000000001011111111100000010100110100001011000
011011111110100010100101011001011110101010100001
000000000000001111111101010010100010100001011000
011011111111110010100101011001011010101010100001
000000000001011111111100000010100110100001011100
011011111110100010100101011001011010101010100101
000000000000001111111101010010100010100001011000
011011111110100010100100001001011110101010100101
000000000000001111111100000010100010100001011100
011011111111110010100101011001011110101010100001




====



000000000001011111111101010010100010100001011000
010110100100001110101010101010101011110101011101
111001010101011010101101010000000011110000001011
111001010111110000000111110010100100000111111011
011100001001011101010111110111111101011100001101
001010101101011010100111110011111110100100000100
101111111100001100000110100101011010100110101110
100010100001011100000011111010101111110001011010
000011110110100001010000001110101110100010100100
110001011011110010100000000111111011111001010111
011001010110101001011000001001011011110000001001
110010101001010101011010101101010100001000000011
010110101000001000001100000111111010100111111101
011100000000001100001010101000000111110111111001
110110101100001001011010100000001100001000001111
000101011001011111110100001110101111110011110000

000101011001011111110100001110101111110011110000
110110101100001001011010100000001100001000001111
011100000000001100001010101000000111110111111001
010110101000001000001100000111111010100111111101
110010101001010101011010101101010100001000000011
011001010110101001011000001001011011110000001001
110001011011110010100000000111111011111001010111
000011110110100001010000001110101110100010100100
100010100001011100000011111010101111110001011010
101111111100001100000110100101011010100110101110
001010101101011010100111110011111110100100000100
011100001001011101010111110111111101011100001101
111001010111110000000111110010100100000111111011
111001010101011010101101010000000011110000001011
010110100100001110101010101010101011110101011101
000000000001011111111101010010100010100001011000


